61,4
61,3
61,2
61,1
61,0
60,4
60,3
60,2
60,1
60,0
0,508
59,3
59,2
0,507
59,1
59,0
0,506
58,4
58,3
58,2
58,1
58,0
57,4
57,3
57,2
57,1
57,0
56,4
56,3
56,2
56,1
56,0
0,505
0,504
0,503
0,502
0,501
0,500
0,499
0,498
0,497
0,496
0,495
0,494
0,493
55,4
55,3
55,2
55,1
55,0
0,492
54,3
54,2
54,1
54,0
0,491
53,4
53,3
53,2
0,490
53,1
53,0
0,489
0,488
52,4
52,3
52,2
0,487
52,1
52,0
0,486
0,485
0,484
51,4
51,3
51,2
51,1
51,0
17,2
17,1
17,3
15,2
15,1
15,3
16,2
16,1
16,3
13,2
14,2
4,39
4,40
4,4
4,34
4,6
4,82
4,32
4,88
4,36
4,73
4,1
4,86
4,2
4,3
6,7
6,1
6,6
6,2
6,3
7,10
7,12
7,4
7,11
7,9
7,13
7,1
7,5
7,2
7,3
5,4
5,2
5,1
5,3
50,4
50,3
50,2
50,1
50,0
0,278
0,483
49,4
49,3
49,2
0,9
49,1
49,0
0,482
0,472
48,52
48,51
48,50
